# zone off bytes ones_ratio entropy class
0000            0  8388608 0.4470 5.369 MIXED
0001      8388608  8388608 0.4507 5.298 TEXT_HUMAN
0002     16777216  8388608 0.4478 5.284 MIXED
0003     25165824  8388608 0.4560 5.396 TEXT_HUMAN
0004     33554432  8388608 0.4468 5.370 MIXED
0005     41943040  8388608 0.4499 5.394 MIXED
0006     50331648  8388608 0.4461 5.316 MIXED
0007     58720256  8388608 0.4545 5.303 TEXT_HUMAN
0008     67108864  8388608 0.4506 5.345 TEXT_HUMAN
0009     75497472  8388608 0.4530 5.304 TEXT_HUMAN
0010     83886080  8388608 0.4499 5.385 MIXED
0011     92274688  8388608 0.4486 5.402 MIXED
0012    100663296  8388608 0.4478 5.454 MIXED
0013    109051904  8388608 0.4490 5.374 MIXED
0014    117440512  8388608 0.4519 5.458 TEXT_HUMAN
0015    125829120  8388608 0.4551 5.408 TEXT_HUMAN
0016    134217728  8388608 0.4447 5.394 MIXED
0017    142606336  8388608 0.4448 5.356 MIXED
0018    150994944  8388608 0.4424 5.382 MIXED
0019    159383552  8388608 0.4478 5.379 MIXED
0020    167772160  8388608 0.4503 5.407 TEXT_HUMAN
0021    176160768  8388608 0.4509 5.332 TEXT_HUMAN
0022    184549376  8388608 0.4419 5.304 MIXED
0023    192937984  8388608 0.4487 5.307 MIXED
0024    201326592  8388608 0.4529 5.373 TEXT_HUMAN
0025    209715200  8388608 0.4495 5.329 MIXED
0026    218103808  8388608 0.4519 5.309 TEXT_HUMAN
0027    226492416  8388608 0.4495 5.367 MIXED
0028    234881024  8388608 0.4481 5.362 MIXED
0029    243269632  8388608 0.4487 5.343 MIXED
0030    251658240  8388608 0.4542 5.290 TEXT_HUMAN
0031    260046848  8388608 0.4549 5.283 TEXT_HUMAN
0032    268435456  8388608 0.4543 5.276 TEXT_HUMAN
0033    276824064  8388608 0.4493 5.342 MIXED
0034    285212672  8388608 0.4519 5.337 TEXT_HUMAN
0035    293601280  8388608 0.4497 5.326 MIXED
0036    301989888  8388608 0.4453 5.382 MIXED
0037    310378496  8388608 0.4499 5.385 MIXED
0038    318767104  8388608 0.4518 5.430 TEXT_HUMAN
0039    327155712  8388608 0.4507 5.291 TEXT_HUMAN
0040    335544320  8388608 0.4484 5.233 MIXED
0041    343932928  8388608 0.4502 5.304 TEXT_HUMAN
0042    352321536  8388608 0.4490 5.291 MIXED
0043    360710144  8388608 0.4434 5.365 MIXED
0044    369098752  8388608 0.4471 5.349 MIXED
0045    377487360  8388608 0.4470 5.375 MIXED
0046    385875968  8388608 0.4382 5.317 MIXED
0047    394264576  8388608 0.4217 5.082 MIXED
0048    402653184  8388608 0.4224 5.102 MIXED
0049    411041792  8388608 0.4350 5.286 MIXED
0050    419430400  8388608 0.4479 5.349 MIXED
0051    427819008  8388608 0.4430 5.369 MIXED
0052    436207616  8388608 0.4475 5.294 MIXED
0053    444596224  8388608 0.4159 4.637 MIXED
0054    452984832  8388608 0.4368 5.203 MIXED
0055    461373440  8388608 0.4474 5.310 MIXED
0056    469762048  8388608 0.4447 5.311 MIXED
0057    478150656  8388608 0.4472 5.271 MIXED
0058    486539264  8388608 0.4426 5.266 MIXED
0059    494927872  8388608 0.4478 5.260 MIXED
0060    503316480  8388608 0.4412 5.394 MIXED
0061    511705088  8388608 0.4371 5.234 MIXED
0062    520093696  8388608 0.4477 5.250 MIXED
0063    528482304  8388608 0.4472 5.365 MIXED
0064    536870912  8388608 0.4485 5.277 MIXED
0065    545259520  8388608 0.4506 5.299 TEXT_HUMAN
0066    553648128  8388608 0.4461 5.253 MIXED
0067    562036736  8388608 0.4456 5.330 MIXED
0068    570425344  8388608 0.4456 5.221 MIXED
0069    578813952  8388608 0.4404 5.307 MIXED
0070    587202560  8388608 0.4517 5.280 TEXT_HUMAN
0071    595591168  8388608 0.4445 5.380 MIXED
0072    603979776  8388608 0.4188 4.995 MIXED
0073    612368384  8388608 0.4183 4.987 MIXED
0074    620756992  8388608 0.4205 5.025 MIXED
0075    629145600  8388608 0.4195 5.032 MIXED
0076    637534208  8388608 0.4384 5.365 MIXED
0077    645922816  8388608 0.4446 5.383 MIXED
0078    654311424  8388608 0.4442 5.285 MIXED
0079    662700032  8388608 0.4462 5.301 MIXED
0080    671088640  8388608 0.4455 5.288 MIXED
0081    679477248  8388608 0.4430 5.274 MIXED
0082    687865856  8388608 0.4445 5.252 MIXED
0083    696254464  8388608 0.4472 5.305 MIXED
0084    704643072  8388608 0.4467 5.325 MIXED
0085    713031680  8388608 0.4485 5.277 MIXED
0086    721420288  8388608 0.4444 5.283 MIXED
0087    729808896  8388608 0.4453 5.253 MIXED
0088    738197504  8388608 0.4406 5.320 MIXED
0089    746586112  8388608 0.4371 5.342 MIXED
0090    754974720  8388608 0.4446 5.318 MIXED
0091    763363328  8388608 0.4426 5.328 MIXED
0092    771751936  8388608 0.4393 5.317 MIXED
0093    780140544  8388608 0.4485 5.272 MIXED
0094    788529152  8388608 0.4478 5.341 MIXED
0095    796917760  8388608 0.4479 5.291 MIXED
0096    805306368  8388608 0.4484 5.396 MIXED
0097    813694976  8388608 0.4464 5.423 MIXED
0098    822083584  8388608 0.4465 5.324 MIXED
0099    830472192  8388608 0.4435 5.499 MIXED
0100    838860800  8388608 0.4452 5.301 MIXED
0101    847249408  8388608 0.4462 5.369 MIXED
0102    855638016  8388608 0.4439 5.401 MIXED
0103    864026624  8388608 0.4474 5.361 MIXED
0104    872415232  8388608 0.4495 5.281 MIXED
0105    880803840  8388608 0.4493 5.270 MIXED
0106    889192448  8388608 0.4476 5.294 MIXED
0107    897581056  8388608 0.4487 5.253 MIXED
0108    905969664  8388608 0.4510 5.255 TEXT_HUMAN
0109    914358272  8388608 0.4494 5.217 MIXED
0110    922746880  8388608 0.4435 5.393 MIXED
0111    931135488  8388608 0.4407 5.483 MIXED
0112    939524096  8388608 0.4360 5.387 MIXED
0113    947912704  8388608 0.4454 5.333 MIXED
0114    956301312  8388608 0.4444 5.277 MIXED
0115    964689920  8388608 0.4468 5.301 MIXED
0116    973078528  8388608 0.4479 5.294 MIXED
0117    981467136  8388608 0.4461 5.292 MIXED
0118    989855744  8388608 0.4459 5.289 MIXED
0119    998244352  8388608 0.4476 5.264 MIXED
0120   1006632960  8388608 0.4443 5.296 MIXED
0121   1015021568  8388608 0.4462 5.259 MIXED
0122   1023410176  8388608 0.4479 5.089 MIXED
0123   1031798784  8388608 0.4440 5.200 MIXED
0124   1040187392  8388608 0.4419 5.185 MIXED
0125   1048576000  8388608 0.4479 5.235 MIXED
0126   1056964608  8388608 0.4463 5.175 MIXED
0127   1065353216  8388608 0.4453 5.196 MIXED
0128   1073741824  8388608 0.4428 5.164 MIXED
0129   1082130432  8388608 0.4436 5.174 MIXED
0130   1090519040  8388608 0.4448 5.191 MIXED
0131   1098907648  8388608 0.4402 5.150 MIXED
0132   1107296256  8388608 0.4422 5.117 MIXED
0133   1115684864  8388608 0.4384 4.985 MIXED
0134   1124073472  8388608 0.4433 5.033 MIXED
0135   1132462080  8388608 0.4423 4.976 MIXED
0136   1140850688   267739 0.4488 5.042 MIXED
